3534 4944 5070 5258 
1963 3534 4944 5070 5258 8746 8943 10780 11083 
10780 
4944 8943 11083 
1963 3534 4944 5070 5258 8746 8943 10780 11083 
8943 
1963 3534 4944 5258 8943 10780 
1963 3534 4944 5258 8943 10780 
1963 3534 4944 5070 5258 8746 8943 10780 11083 
1963 5258 11083 
1963 5070 10780 
1963 3534 4944 5070 5258 8746 8943 10780 11083 
1963 3534 11083 
11083 
11083 
11083 
11083 
11083 
11083 
11083 
11083 
11083 
11083 
11083 
4944 
4944 
4944 
4944 
4944 
4944 8746 
4944 
4944 
8943 
5258 
8746 11083 
4944 
4944 
5070 
5070 
8746 
5070 
5070 
5070 
1963 
5070 
4944 8746 
5070 
5070 
11083 
8943 
1963 
5258 
8746 
4944 
5258 
1963 4944 
5070 
5070 
5070 
5070 
10780 
11083 
10780 
5070 
8943 
8943 
4944 10780 
8746 11083 
8943 
1963 
1963 4944 
8746 
1963 8943 
3534 4944 
4944 8746 8943 11083 
4944 8746 11083 
11083 
3534 
11083 
11083 
4944 8746 11083 
11083 
5070 
5070 
5070 
1963 
4944 5070 
8746 
8943 
5258 
5258 
3534 
5070 8943 
11083 
8746 
8746 
11083 
4944 
4944 11083 
3534 
8746 
5070 
8746 
1963 
8746 
4944 
4944 8746 
11083 
1963 
5258 
8943 
11083 
11083 
11083 
11083 
8746 
11083 
3534 
11083 
11083 
3534 
5258 
8943 
11083 
8746 
11083 
11083 
11083 
8746 
5070 
5070 
11083 
11083 
11083 
11083 
4944 
11083 
11083 
11083 
11083 
11083 
3534 
8943 
11083 
11083 
4944 8943 
4944 
1963 
8943 
8943 
4944 
8943 
8943 
11083 
1963 3534 4944 5070 5258 8746 8943 10780 11083 
1963 3534 4944 5070 5258 8746 8943 10780 11083 
5258 
5258 
1963 5070 5258 8746 10780 11083 
3534 5070 
8746 
4944 
8746 
3534 5258 
1963 
5070 
1963 5070 8943 10780 
1963 4944 
11083 
1963 
1963 
1963 
1963 5070 
10780 
3534 4944 5070 8746 11083 
5070 
5258 
1963 3534 4944 5070 8943 
11083 
3534 
10780 
10780 
8943 
3534 5258 8746 10780 
3534 
8943 
5258 
1963 
8943 
11083 
5258 
1963 4944 5070 8746 10780 11083 
5258 10780 
1963 5070 10780 11083 
1963 8746 
5070 
1963 5258 8943 
5070 5258 10780 11083 
5070 5258 10780 
1963 8943 
8943 
5070 
5070 5258 10780 
1963 3534 
4944 
3534 4944 5258 11083 
4944 
5258 
10780 
4944 5070 
3534 
1963 3534 5070 5258 8746 11083 
3534 
8746 10780 
3534 
10780 
1963 3534 
3534 5258 11083 
1963 
3534 
1963 3534 4944 5070 5258 8746 8943 10780 11083 
5070 8746 10780 11083 
1963 3534 4944 5070 5258 8746 8943 10780 11083 
10780 
1963 3534 5070 
5070 
5258 
1963 4944 8746 8943 11083 
1963 5070 5258 10780 11083 
5070 
1963 4944 
10780 
10780 
10780 
10780 
3534 
8943 
10780 
11083 
3534 
8943 
1963 3534 4944 5070 5258 8943 10780 11083 
3534 
3534 
3534 
1963 5258 
8943 
1963 5070 8746 8943 10780 11083 
1963 3534 4944 5070 5258 8746 8943 11083 
3534 5070 10780 
3534 4944 
1963 
1963 10780 
8746 
3534 
1963 3534 4944 5070 5258 8746 8943 10780 11083 
8943 
5070 5258 10780 
8746 
8746 
5070 
4944 11083 
4944 
11083 
1963 4944 5258 11083 
11083 
5258 
5070 5258 11083 
1963 4944 
8746 
1963 
10780 
5258 8746 
8943 
1963 3534 5070 8746 10780 11083 
3534 8746 11083 
4944 11083 
1963 8943 
5258 11083 
1963 3534 4944 5070 5258 8746 8943 10780 11083 
5070 
5070 
8943 
1963 5070 8746 11083 
8746 
3534 4944 5070 8746 8943 
3534 4944 5070 10780 
3534 4944 
11083 
4944 5070 
11083 
3534 8746 8943 
5258 
1963 5070 10780 
4944 5258 8746 10780 11083 
10780 
3534 
1963 3534 8746 10780 
8943 
1963 5258 
8943 
1963 
8746 8943 
4944 
10780 
3534 4944 11083 
10780 
1963 
5070 
4944 8746 11083 
5070 5258 
11083 
11083 
3534 
5258 
1963 
10780 
8746 
10780 
5070 
3534 11083 
5070 
4944 11083 
5258 
5070 10780 11083 
5258 
5070 5258 
11083 
5258 
5070 
4944 
4944 8746 8943 11083 
1963 3534 4944 5070 5258 8746 8943 10780 11083 
5258 10780 11083 
11083 
1963 3534 4944 5070 5258 8746 8943 10780 11083 
1963 5258 
3534 8943 10780 
3534 4944 5258 
1963 5258 10780 
5070 10780 
5070 
8943 
3534 8943 11083 
3534 
4944 
8943 
3534 5258 10780 
1963 3534 5258 
3534 5258 8943 
5258 
3534 
8746 
8943 
10780 
5070 
1963 5070 10780 
1963 10780 
4944 10780 
4944 8746 
5070 
4944 5070 8746 8943 10780 11083 
8746 
5258 
8746 
1963 
8943 
8943 
11083 
8746 
5258 
1963 8943 
8943 
1963 5258 8943 
3534 
5070 
5070 5258 8746 8943 10780 
10780 
1963 
4944 8943 11083 
8943 
10780 
8943 
5258 
5258 
8943 
5258 
8943 10780 
3534 10780 
4944 8746 
1963 3534 8943 
1963 
11083 
5258 8943 
5258 8943 
5258 8943 
8943 
4944 5070 8746 
1963 
4944 5258 
1963 4944 5258 
4944 
8943 
5258 
5258 
4944 
3534 
5070 8746 
10780 
10780 
10780 
5070 
3534 
3534 
3534 
8943 
3534 
8746 11083 
5258 8746 11083 
8746 
11083 
4944 
4944 8746 8943 11083 
4944 
4944 5258 
1963 4944 5258 
4944 
5070 
8943 
1963 
4944 
1963 5070 5258 8943 10780 
3534 
5070 11083 
11083 
4944 5070 8746 
8746 
1963 8943 
3534 4944 5070 5258 8943 11083 
5258 8943 
1963 3534 5258 8746 10780 
4944 
4944 
3534 
3534 
5258 
1963 
1963 
3534 
3534 
8943 
1963 
1963 
1963 5070 10780 11083 
3534 4944 5258 8746 10780 
1963 3534 8746 10780 11083 
5258 
8746 
1963 
8943 
4944 5070 8746 11083 
11083 
4944 10780 11083 
5070 5258 11083 
8943 
8943 
5070 5258 8943 
11083 
1963 3534 4944 8746 
3534 
8943 
8746 8943 
8943 
4944 5070 8746 8943 10780 11083 
3534 
8746 
5070 8746 10780 11083 
3534 
8746 11083 
4944 
5258 
4944 5258 8746 10780 11083 
8943 
3534 
4944 8746 10780 
1963 
10780 
1963 3534 5258 
5258 10780 
8746 10780 
5258 
8943 
5070 
1963 
8943 
3534 8746 10780 
1963 
5258 
1963 
1963 3534 5070 5258 8943 
5258 
1963 
4944 
1963 5258 
5258 
8943 
4944 5070 5258 11083 
5258 
5258 
1963 
4944 
5070 
8943 
5258 
8943 
1963 3534 4944 5070 5258 8746 8943 10780 11083 
3534 4944 5258 8943 10780 
1963 8746 
4944 5070 8746 10780 11083 
3534 
5070 
5070 
8746 10780 
8943 
8943 
3534 5070 5258 8943 10780 
5070 
10780 
5258 
4944 
1963 
4944 8746 11083 
8746 
8746 
8746 
1963 
8943 
11083 
3534 10780 
8746 10780 
11083 
1963 
3534 4944 11083 
5070 
5258 
1963 3534 4944 8746 8943 10780 11083 
8746 
1963 4944 5070 8746 10780 11083 
1963 4944 5070 8746 11083 
11083 
1963 3534 8746 10780 
1963 5258 8746 
5258 11083 
11083 
5258 8746 
5070 
4944 10780 
5258 8746 
8943 
3534 
5070 8746 
3534 
5070 
4944 
3534 5070 8943 11083 
11083 
11083 
4944 
5070 
3534 
5258 11083 
5070 
5070 
8943 
1963 
10780 
1963 
1963 4944 
8943 
11083 
10780 
5070 
1963 10780 11083 
1963 
3534 5258 
1963 
3534 8746 8943 
3534 
3534 
10780 
10780 
3534 
1963 5070 
3534 8746 10780 
1963 5070 10780 
8746 
1963 
3534 5258 8943 
3534 
11083 
8746 
4944 8746 11083 
8746 
1963 5258 
4944 
10780 
1963 5258 8746 8943 
3534 
5258 
1963 
10780 
10780 
1963 
10780 
5070 5258 10780 
1963 8746 
4944 11083 
5258 10780 
5258 
5070 8746 8943 10780 11083 
1963 
3534 5070 5258 
11083 
4944 8943 
8943 
8943 
10780 
5070 8943 11083 
1963 
11083 
4944 5070 8746 8943 
4944 5070 8746 11083 
4944 5070 8746 11083 
10780 
4944 5070 5258 
5258 8746 8943 10780 
8746 
1963 8943 
8943 
4944 11083 
5070 5258 
1963 4944 5070 8746 11083 
3534 4944 
3534 
5070 
8943 
4944 5070 8746 10780 11083 
11083 
5070 
3534 
5070 8746 8943 10780 11083 
3534 
8746 
5258 
5258 
5070 8943 
10780 
1963 
5258 
5070 5258 
8943 
4944 11083 
1963 
1963 3534 4944 5070 5258 8746 8943 10780 11083 
1963 5258 8943 
8746 11083 
1963 4944 5070 8746 10780 11083 
8746 
3534 
3534 
3534 
3534 
5258 
5070 10780 
3534 8943 
5258 
8943 11083 
8746 11083 
11083 
5070 5258 10780 
1963 
1963 
5070 5258 
1963 3534 4944 5070 5258 8746 8943 10780 11083 
4944 
5258 
11083 
3534 
1963 3534 5070 5258 11083 
10780 
11083 
4944 10780 11083 
5258 8943 
5070 
8943 
4944 5070 8746 11083 
10780 11083 
5258 
5070 
5070 10780 
5258 
3534 
5070 10780 
5070 8746 10780 
3534 
8746 
1963 8746 8943 
5258 
1963 10780 
4944 8746 11083 
1963 3534 4944 8943 10780 
5070 
8943 
8943 
4944 5070 5258 8746 10780 
5070 
1963 4944 5258 8746 10780 11083 
5070 
8746 
8943 
8746 
3534 
8746 11083 
8746 11083 
3534 5258 
5070 5258 
8746 8943 
8943 
1963 3534 4944 8746 10780 11083 
3534 8943 
8943 
1963 3534 4944 5070 5258 8746 8943 10780 
1963 4944 5070 5258 8746 8943 
1963 4944 8746 11083 
10780 
11083 
10780 
11083 
1963 
3534 
8943 
1963 
8943 
10780 
1963 3534 5070 5258 8746 8943 10780 11083 
1963 3534 4944 5258 8746 8943 11083 
1963 
5070 
8746 8943 
5070 8943 
5070 
5070 
3534 4944 5258 8746 10780 11083 
5070 5258 10780 
10780 11083 
1963 5070 5258 
5070 
4944 5070 8746 8943 11083 
5258 11083 
4944 
8943 
1963 5258 
8746 8943 10780 
5070 8746 
1963 5258 8943 
3534 8943 
8746 10780 
5258 
11083 
1963 
3534 8943 10780 
5258 
1963 
3534 5070 
4944 
10780 
3534 4944 5258 8943 10780 
4944 
8943 
1963 
8943 
1963 
1963 
8746 10780 
1963 3534 
1963 
1963 4944 
10780 
11083 
1963 4944 5258 8746 
1963 10780 
1963 
3534 5070 8746 10780 
1963 3534 4944 5070 5258 8746 8943 10780 11083 
4944 5070 8943 11083 
4944 8943 
1963 3534 5258 8943 10780 
8746 8943 
1963 4944 8746 8943 
5070 
4944 
8943 
8943 
5070 8746 10780 
8943 
1963 4944 5070 5258 8943 10780 
4944 8746 11083 
3534 
1963 
1963 
3534 5070 
3534 
5070 
5258 
5258 
8943 11083 
1963 3534 
5070 
1963 3534 4944 11083 
1963 3534 4944 5258 10780 11083 
5070 10780 
5070 10780 
3534 
1963 5070 5258 8746 8943 
4944 8746 11083 
3534 4944 5070 8943 11083 
11083 
11083 
5258 
8943 
8943 
11083 
1963 3534 4944 5070 5258 8746 8943 10780 11083 
3534 5258 10780 
1963 3534 4944 5070 5258 8746 8943 10780 11083 
10780 
5258 
5070 10780 
4944 5070 5258 8746 
8746 
1963 
1963 5070 8746 10780 11083 
3534 5070 10780 11083 
8746 
8746 
10780 
8943 
4944 
8746 
11083 
1963 10780 11083 
1963 
8943 
11083 
10780 
3534 5258 8746 
5070 
1963 10780 
4944 
10780 
1963 4944 5070 5258 8746 11083 
3534 4944 
1963 3534 4944 5070 5258 8746 8943 10780 11083 
1963 4944 5070 10780 11083 
10780 11083 
4944 5070 5258 8746 
1963 8746 11083 
8746 
1963 10780 
10780 
4944 8746 
5070 10780 11083 
8943 
5070 11083 
5258 
4944 5070 
3534 11083 
1963 
4944 
4944 5258 10780 11083 
1963 
1963 3534 4944 5070 5258 8746 10780 11083 
5258 8746 
5258 
3534 
3534 
1963 11083 
4944 
3534 4944 5070 8746 11083 
1963 5070 5258 
4944 5258 
1963 5258 
1963 8943 
10780 
3534 
8943 
5070 5258 
1963 5070 8746 10780 
1963 8943 
1963 4944 5258 
8943 
1963 5258 8943 
1963 
8943 
1963 3534 4944 5070 5258 11083 
4944 5070 5258 8943 10780 11083 
8746 11083 
11083 
8746 
11083 
1963 4944 5258 
11083 
8746 
4944 5258 
1963 3534 5070 8746 8943 10780 11083 
1963 3534 5258 8943 
5258 
5258 
8943 10780 
4944 5070 5258 8746 8943 11083 
4944 5258 8746 
5070 8746 
3534 11083 
4944 
5070 
5070 8746 
1963 4944 5070 5258 8746 8943 10780 11083 
1963 
10780 
5258 
3534 
5258 
4944 11083 
10780 
5070 
1963 5258 
5258 
3534 
1963 8746 10780 11083 
1963 5258 8943 10780 
3534 
5258 8943 
8943 
8943 
11083 
5258 
1963 
8746 
5070 8943 
8943 
8943 
3534 4944 5258 
11083 
11083 
5070 
4944 5258 
5070 
8943 
1963 5070 
1963 
8943 
3534 
1963 
11083 
1963 4944 5258 8943 
8943 
4944 8746 
1963 
8746 11083 
8943 
5070 
1963 3534 4944 10780 11083 
3534 4944 8943 11083 
4944 5070 5258 8746 8943 10780 
4944 
4944 
5258 
1963 
1963 3534 4944 5070 5258 8746 8943 10780 11083 
5070 
4944 
8746 
1963 5070 5258 8746 8943 11083 
4944 8746 
5258 10780 
4944 5070 8943 10780 11083 
5070 
1963 3534 4944 8746 8943 10780 11083 
5258 
10780 
8943 
8746 
8943 
3534 
5258 
1963 3534 5070 
5070 
3534 
3534 5258 11083 
1963 3534 5070 5258 8746 8943 10780 11083 
5258 
5070 
1963 
4944 
3534 4944 8746 8943 10780 
11083 
3534 5258 
8943 
1963 
1963 3534 4944 5070 5258 8746 
1963 10780 11083 
4944 5070 5258 8746 11083 
11083 
5070 
4944 11083 
1963 3534 4944 8943 10780 
10780 
11083 
8746 
5258 
4944 10780 
1963 3534 4944 5258 8746 8943 10780 11083 
8943 
3534 4944 5070 
8943 
10780 
3534 
1963 3534 10780 
1963 4944 8746 
5070 
1963 
8943 
1963 
10780 
3534 
8746 
1963 3534 4944 5070 5258 8746 8943 10780 11083 
3534 5070 8746 
3534 5258 
1963 3534 8746 10780 
1963 
8943 
11083 
1963 3534 4944 5070 5258 8746 8943 10780 11083 
10780 
1963 3534 4944 5070 5258 8746 8943 10780 11083 
8746 
1963 4944 5258 11083 
5258 
5070 10780 11083 
3534 5070 5258 8943 
5070 8943 
1963 5258 
8943 
3534 5070 5258 8746 8943 10780 11083 
1963 5070 8746 
5258 8943 
1963 
1963 
1963 3534 4944 5070 5258 8746 8943 10780 11083 
3534 8943 10780 
1963 3534 8943 
1963 3534 4944 8943 10780 11083 
3534 
4944 8746 11083 
11083 
4944 5070 
10780 
5258 
4944 
3534 5258 8746 10780 
3534 
4944 5070 8746 
3534 
4944 8943 
3534 10780 
5070 5258 
1963 
3534 
5258 
11083 
1963 5070 10780 
1963 5258 8746 10780 
5070 
1963 
1963 
4944 
8943 11083 
4944 
8943 
8746 
4944 
3534 5258 
3534 
3534 4944 8746 8943 11083 
5070 
11083 
3534 8943 
4944 5070 
5070 
1963 3534 
11083 
1963 8746 8943 
4944 
8746 
5070 
1963 
11083 
3534 
5258 
4944 5070 8746 
11083 
4944 
1963 3534 10780 
1963 3534 5070 
3534 
8943 
5070 
1963 3534 4944 10780 11083 
1963 
1963 
1963 
1963 4944 10780 11083 
3534 10780 
1963 
1963 3534 
5070 11083 
3534 
1963 
5070 
4944 
1963 4944 5070 5258 
1963 4944 8943 
5258 8943 
8943 
5070 
3534 8746 
4944 
3534 
1963 
8746 11083 
8943 
5258 
1963 
5070 
8943 11083 
8746 
4944 8746 
5070 
5258 
4944 
4944 5258 8746 10780 11083 
11083 
3534 8746 
11083 
1963 8943 
3534 
3534 
4944 5258 
5258 
1963 4944 8746 11083 
5070 8746 8943 
5070 
10780 
10780 
1963 11083 
8746 10780 
3534 
11083 
3534 5258 
5070 
1963 
1963 3534 8746 
5070 
8943 
8943 
8746 
5070 
5070 5258 
1963 4944 5070 5258 11083 
11083 
1963 5258 
4944 8746 11083 
11083 
11083 
5070 
3534 8943 
1963 5070 
5258 
4944 11083 
4944 
1963 
5070 5258 8746 10780 11083 
3534 4944 5070 8746 10780 11083 
5258 8943 10780 11083 
11083 
11083 
5258 
4944 
10780 
11083 
3534 8746 10780 
1963 4944 5070 11083 
10780 
1963 10780 
1963 3534 
1963 4944 
8746 
1963 5070 5258 8943 10780 
8746 11083 
1963 
8943 
3534 
10780 
4944 8746 10780 
8746 
10780 
8746 10780 
8746 
4944 10780 11083 
3534 
5070 
8943 
1963 
3534 8746 8943 
5070 
4944 
3534 
1963 11083 
8943 
3534 
1963 4944 8746 11083 
5070 10780 
4944 
1963 
5070 
1963 3534 
1963 
4944 8746 8943 10780 
5258 
8943 10780 
3534 
1963 
3534 4944 5070 8746 11083 
8746 
11083 
3534 
4944 
5070 8746 11083 
5258 
10780 11083 
1963 5258 
8943 10780 
1963 
3534 4944 8943 
3534 8943 
5070 
5258 
5070 5258 10780 
11083 
4944 
3534 
1963 
4944 5070 8746 10780 11083 
11083 
8943 
4944 
5070 
4944 11083 
1963 3534 
5070 
4944 5070 8746 
4944 11083 
5070 
5258 
5258 
5070 5258 10780 11083 
1963 3534 4944 5070 5258 8746 8943 10780 11083 
4944 
3534 5070 5258 
1963 11083 
8943 
1963 5258 8746 10780 
8746 
5258 
3534 
1963 
5070 
8943 
5258 
3534 4944 8746 11083 
11083 
10780 
4944 8746 
4944 11083 
8746 8943 10780 11083 
1963 3534 
5258 10780 
4944 
4944 5070 5258 8943 
10780 
5070 
1963 5070 8746 
5070 
10780 
8943 
3534 
8943 10780 
8746 11083 
5258 
5070 8943 
1963 
1963 
4944 11083 
1963 5070 10780 
5258 
5258 8943 
8943 
4944 5070 10780 11083 
1963 
5070 
5070 10780 
8746 
5258 
1963 
1963 3534 5258 11083 
1963 4944 5070 8746 11083 
5070 
4944 5258 
4944 5070 5258 8746 10780 
3534 5070 10780 
5070 
1963 3534 4944 8746 11083 
5258 
4944 5070 
8746 8943 10780 11083 
3534 
5070 
5070 
4944 
3534 4944 
4944 
5258 8746 10780 
5070 5258 8746 11083 
8746 
8746 
1963 5258 
3534 
8746 
5070 5258 
3534 
8746 10780 
5070 
1963 
1963 3534 5070 5258 8746 8943 10780 
1963 
3534 8943 10780 
5070 10780 
1963 
8943 
8943 
1963 5258 8943 10780 
10780 
8943 11083 
5070 8943 
10780 
8746 11083 
10780 
8746 
10780 
5258 
5258 
1963 
3534 
8746 
5070 10780 
1963 5258 
4944 10780 
5070 
1963 4944 
4944 
8746 
1963 3534 8746 8943 10780 
10780 
8746 
1963 10780 
8746 
5070 
11083 
3534 5070 
4944 
5070 5258 
5070 
5070 
4944 
8943 
5258 
5070 
4944 
1963 4944 5258 10780 
8746 10780 
5258 8943 11083 
11083 
10780 
3534 10780 
4944 5258 8746 
1963 11083 
3534 
3534 5070 11083 
11083 
11083 
10780 
10780 
5070 
5258 
8943 
8943 
5070 
3534 5258 8943 
5070 
1963 11083 
3534 
3534 5070 5258 8746 
3534 
5258 
10780 
1963 
4944 
3534 5258 
1963 
5070 
5070 
8746 
1963 5258 10780 
10780 
5070 8746 
5258 
11083 
4944 8746 
3534 
3534 
8943 
1963 8746 
1963 3534 5258 
1963 10780 
10780 
8746 11083 
5258 
5070 
5258 
1963 3534 4944 8746 8943 
8943 
5070 5258 11083 
1963 
1963 3534 4944 5070 5258 8943 10780 11083 
1963 3534 4944 5070 5258 8746 8943 10780 11083 
1963 3534 4944 5070 5258 8746 8943 10780 11083 
1963 3534 5070 5258 8746 8943 10780 11083 
1963 3534 8746 
4944 8943 
3534 5258 
1963 
3534 
1963 4944 5070 5258 8746 8943 10780 
3534 10780 
1963 3534 4944 5070 5258 11083 
1963 3534 4944 5070 5258 8746 8943 10780 11083 
3534 10780 
3534 
3534 8746 
3534 5070 8746 10780 11083 
3534 
3534 
1963 8746 10780 
1963 3534 5070 5258 8746 8943 
5070 5258 
5070 
1963 3534 5070 8943 10780 
5258 
1963 3534 4944 5070 5258 8746 8943 10780 11083 
1963 4944 5070 5258 8746 8943 
3534 8943 
10780 
1963 8943 10780 
8943 
5070 10780 
8943 
5258 11083 
10780 
5258 
1963 3534 5070 10780 
10780 
1963 
8943 
10780 
10780 
1963 5070 5258 8746 8943 10780 11083 
4944 
3534 
5070 5258 
8943 
10780 11083 
1963 3534 
1963 4944 
5258 
10780 
8943 
3534 
4944 
11083 
5070 
1963 5258 8746 8943 10780 11083 
5070 
5258 
1963 3534 4944 8746 11083 
5070 
5070 
1963 3534 4944 5070 8746 8943 10780 11083 
1963 
3534 
5070 
5258 
11083 
1963 
1963 3534 4944 5070 5258 8943 
1963 
10780 
10780 
3534 
10780 
10780 
8746 
1963 
1963 
3534 
1963 3534 4944 8746 8943 10780 
8943 
1963 
5258 
10780 
10780 
5258 
10780 
3534 10780 
5070 
5070 
1963 3534 4944 5070 5258 8746 8943 10780 11083 
5258 
10780 
10780 
5070 
3534 
10780 
4944 8943 
1963 5070 5258 10780 
11083 
4944 
4944 8746 
8746 
1963 3534 5070 
11083 
8943 
5070 10780 11083 
8746 
4944 
8746 8943 
8943 
8943 
1963 3534 4944 5070 5258 8746 8943 10780 
8746 
10780 
1963 3534 4944 5258 10780 
1963 
1963 3534 10780 
10780 
3534 5258 8746 8943 
8943 
3534 4944 8943 10780 11083 
8746 11083 
4944 8746 
5070 5258 8943 
1963 3534 5070 5258 8746 10780 
5258 
3534 
1963 3534 4944 5070 11083 
8746 
1963 3534 5070 5258 8746 10780 11083 
1963 5070 5258 8746 10780 
1963 10780 
3534 4944 5258 8943 10780 
1963 4944 5258 10780 
3534 5258 8746 10780 
3534 
5070 5258 
1963 3534 4944 5070 5258 8746 8943 10780 11083 
1963 4944 8746 10780 
10780 
1963 3534 5070 10780 
8746 
11083 
1963 3534 4944 5258 8746 8943 10780 11083 
1963 3534 4944 5070 5258 8746 8943 10780 11083 
1963 
3534 10780 
1963 5258 11083 
11083 
1963 
1963 5070 
3534 4944 5258 10780 
1963 3534 5070 5258 
10780 
1963 
8746 
8943 
1963 3534 5258 8746 8943 10780 
5258 
3534 
4944 
1963 
1963 3534 4944 5070 8746 8943 10780 11083 
5070 10780 11083 
4944 5070 
11083 
5070 
1963 3534 4944 8943 10780 
11083 
